Deneme	621
0.004995254 -0.0331894 0.009380838 0.9993926
0.004604912 -0.0383421 0.01200689 0.9991819
-0.08273608 -0.03453486 0.013996 0.9958746
-0.08273608 -0.03453486 0.013996 0.9958746
-0.1723463 0.1119249 -0.5361371 0.8187348
0.1693392 -0.262022 -0.4869691 0.8158002
-0.6309631 0.732612 0.1646929 -0.1950426
-0.6309631 0.732612 0.1646929 -0.1950426
-0.1723927 -0.1118286 0.5727713 0.7935416
0.1822694 0.2416354 0.5835175 0.7535899
-0.05622212 -0.07849716 0.6321684 0.7687915
-0.05622212 -0.07849716 0.6321684 0.7687915
0.1122182 -0.02613367 0.0512846 0.9920151
0.1122182 -0.02613367 0.0512846 0.9920151
0.09107733 0.2794184 0.0832343 0.9522092
0.09107733 0.2794184 0.0832343 0.9522092
0.099305 -0.01605445 -0.04975692 0.9936826
0.09930492 -0.01605444 -0.04975692 0.9936826
0.08367179 -0.2644974 -0.07304964 0.9579687
0.08367179 -0.2644974 -0.07304964 0.9579687
0.1242703 0.9955764 1.90458
0.002814593 -0.03396684 0.009090145 0.9993777
0.004040268 -0.03904748 0.01190222 0.9991583
-0.08331419 -0.03526641 0.01424826 0.9957972
-0.08331419 -0.03526641 0.01424826 0.9957972
-0.1075138 0.02330573 -0.4573321 0.8824653
0.1214607 -0.2269774 -0.4244677 0.8680759
0.2859142 -0.3689373 -0.521248 0.7144501
0.2859142 -0.3689373 -0.521248 0.7144501
-0.1042995 -0.01655579 0.5013511 0.8587751
0.07183536 0.1315777 0.4747141 0.8672794
0.002000828 -0.003223723 0.6408607 0.7676478
0.002000828 -0.003223723 0.6408607 0.7676478
0.1129005 -0.02744536 0.0521284 0.9918583
0.1129004 -0.02744536 0.05212839 0.9918583
0.09151147 0.277629 0.08419935 0.952606
0.09151147 0.277629 0.08419935 0.952606
0.09947659 -0.01722163 -0.04992895 0.9936373
0.09947649 -0.01722162 -0.04992894 0.9936373
0.08392092 -0.2639652 -0.07311464 0.9580887
0.08392092 -0.2639652 -0.07311464 0.9580887
0.1284368 1.012014 1.902058
9.087894E-05 -0.03309741 0.007611411 0.9994231
0.003320574 -0.03963689 0.01175667 0.9991395
-0.08404683 -0.03588222 0.01446809 0.9957105
-0.08404683 -0.03588222 0.01446809 0.9957105
-0.08045389 -0.02644606 -0.3515798 0.9323194
0.08742207 -0.2025276 -0.3543169 0.9087351
0.1707391 -0.288368 -0.4548568 0.8251045
0.1707391 -0.288368 -0.4548568 0.8251045
-0.08198449 0.02299312 0.4067952 0.9095425
0.05428619 0.1198271 0.411466 0.9018815
-0.02233062 -0.04489784 0.5151869 0.8556097
-0.02233062 -0.04489784 0.5151869 0.8556097
0.1133926 -0.02679745 0.05292855 0.9917775
0.1133925 -0.02679746 0.05292855 0.9917775
0.09194061 0.275915 0.08488946 0.9530014
0.09194061 0.275915 0.08488946 0.9530014
0.100234 -0.01638883 -0.04961543 0.9935909
0.100234 -0.01638882 -0.04961544 0.9935909
0.08470415 -0.2635204 -0.07303251 0.9581485
0.08470415 -0.2635204 -0.07303251 0.9581485
0.1329073 1.020612 1.900796
9.087894E-05 -0.03309741 0.007611411 0.9994231
0.003320574 -0.03963689 0.01175667 0.9991395
-0.08404683 -0.03588222 0.01446809 0.9957105
-0.08404683 -0.03588222 0.01446809 0.9957105
-0.08045389 -0.02644606 -0.3515798 0.9323194
0.08742207 -0.2025276 -0.3543169 0.9087351
0.1707391 -0.288368 -0.4548568 0.8251045
0.1707391 -0.288368 -0.4548568 0.8251045
-0.08198449 0.02299312 0.4067952 0.9095425
0.05428619 0.1198271 0.411466 0.9018815
-0.02233062 -0.04489784 0.5151869 0.8556097
-0.02233062 -0.04489784 0.5151869 0.8556097
0.1133926 -0.02679745 0.05292855 0.9917775
0.1133925 -0.02679746 0.05292855 0.9917775
0.09194061 0.275915 0.08488946 0.9530014
0.09194061 0.275915 0.08488946 0.9530014
0.100234 -0.01638883 -0.04961543 0.9935909
0.100234 -0.01638882 -0.04961544 0.9935909
0.08470415 -0.2635204 -0.07303251 0.9581485
0.08470415 -0.2635204 -0.07303251 0.9581485
0.1329073 1.020612 1.900796
-0.005103458 -0.03058971 0.00484046 0.9995073
0.002339507 -0.04151791 0.01161265 0.9990675
-0.08505367 -0.03753084 0.01479051 0.9955595
-0.08505367 -0.03753084 0.01479051 0.9955595
-0.07517833 -0.04659242 -0.2672836 0.9595504
0.05479373 -0.1872226 -0.2448894 0.9497234
0.1219524 -0.2753543 -0.3609851 0.8826083
0.1219524 -0.2753543 -0.3609851 0.8826083
-0.07514811 0.04663038 0.3126506 0.9457421
0.03282934 0.1028075 0.3085781 0.9450569
0.001736447 -0.000660989 0.4277871 0.9038776
0.001736447 -0.000660989 0.4277871 0.9038776
0.1137268 -0.02402076 0.05356659 0.9917761
0.1137267 -0.02402076 0.05356659 0.9917762
0.0924353 0.2744294 0.08519895 0.9533548
0.0924353 0.2744294 0.08519895 0.9533548
0.101705 -0.01340991 -0.04873075 0.9935299
0.1017049 -0.0134099 -0.04873076 0.9935299
0.08616134 -0.2630984 -0.07276539 0.9581549
0.08616134 -0.2630984 -0.07276539 0.9581549
0.1348045 1.031895 1.898717
-0.01281613 -0.027247 0.001674567 0.9995452
0.0009407224 -0.04079818 0.01132323 0.9991028
-0.08644979 -0.03689064 0.01473497 0.9954639
-0.08644979 -0.03689064 0.01473497 0.9954639
-0.07577029 -0.06347053 -0.1700831 0.9804602
0.03862955 -0.1920156 -0.1693132 0.9659041
0.05611412 -0.211327 -0.2270309 0.9490253
0.05611412 -0.211327 -0.2270309 0.9490253
-0.07604899 0.06001221 0.2255914 0.9693934
0.0181729 0.1040149 0.1889976 0.9762841
0.01718654 0.05803656 0.297607 0.9527678
0.01718654 0.05803656 0.297607 0.9527678
0.1141632 -0.02046732 0.05387656 0.9917889
0.1141631 -0.02046732 0.05387655 0.9917889
0.09318415 0.2730747 0.08516224 0.9536741
0.09318415 0.2730747 0.08516224 0.9536741
0.1035605 -0.009719834 -0.04725109 0.9934526
0.1035604 -0.00971983 -0.04725109 0.9934527
0.08807589 -0.2628866 -0.07211141 0.9580883
0.08807589 -0.2628866 -0.07211141 0.9580883
0.1327962 1.047533 1.89569
-0.01281613 -0.027247 0.001674567 0.9995452
0.0009407224 -0.04079818 0.01132323 0.9991028
-0.08644979 -0.03689064 0.01473497 0.9954639
-0.08644979 -0.03689064 0.01473497 0.9954639
-0.07577029 -0.06347053 -0.1700831 0.9804602
0.03862955 -0.1920156 -0.1693132 0.9659041
0.05611412 -0.211327 -0.2270309 0.9490253
0.05611412 -0.211327 -0.2270309 0.9490253
-0.07604899 0.06001221 0.2255914 0.9693934
0.0181729 0.1040149 0.1889976 0.9762841
0.01718654 0.05803656 0.297607 0.9527678
0.01718654 0.05803656 0.297607 0.9527678
0.1141632 -0.02046732 0.05387656 0.9917889
0.1141631 -0.02046732 0.05387655 0.9917889
0.09318415 0.2730747 0.08516224 0.9536741
0.09318415 0.2730747 0.08516224 0.9536741
0.1035605 -0.009719834 -0.04725109 0.9934526
0.1035604 -0.00971983 -0.04725109 0.9934527
0.08807589 -0.2628866 -0.07211141 0.9580883
0.08807589 -0.2628866 -0.07211141 0.9580883
0.1327962 1.047533 1.89569
-0.02445694 -0.02016408 -0.003502388 0.9994914
-0.001398328 -0.03756011 0.0108259 0.9992348
-0.08875808 -0.03413781 0.01433504 0.9953648
-0.08875808 -0.03413781 0.01433504 0.9953648
-0.08263028 -0.07093523 -0.06650393 0.9918255
0.02046209 -0.1928498 -0.0910491 0.9767806
0.07148724 -0.2567133 -0.2441353 0.9324086
0.07148724 -0.2567133 -0.2441353 0.9324086
-0.08267762 0.06528474 0.1215109 0.986984
0.0090378 0.1239323 0.1074553 0.986414
0.03040564 0.1391787 0.2438171 0.9593008
0.03040564 0.1391787 0.2438171 0.9593008
0.1145773 -0.01405339 0.05376778 0.9918587
0.1145772 -0.0140534 0.05376778 0.9918587
0.09426928 0.2718383 0.08445243 0.9539838
0.09426928 0.2718383 0.08445243 0.9539838
0.1064508 -0.003237622 -0.04457792 0.993313
0.1064507 -0.003237617 -0.04457793 0.993313
0.09108792 -0.2628966 -0.07086554 0.9578969
0.09108792 -0.2628966 -0.07086554 0.9578969
0.1349785 1.066621 1.892379
-0.02445694 -0.02016408 -0.003502388 0.9994914
-0.001398328 -0.03756011 0.0108259 0.9992348
-0.08875808 -0.03413781 0.01433504 0.9953648
-0.08875808 -0.03413781 0.01433504 0.9953648
-0.08263028 -0.07093523 -0.06650393 0.9918255
0.02046209 -0.1928498 -0.0910491 0.9767806
0.07148724 -0.2567133 -0.2441353 0.9324086
0.07148724 -0.2567133 -0.2441353 0.9324086
-0.08267762 0.06528474 0.1215109 0.986984
0.0090378 0.1239323 0.1074553 0.986414
0.03040564 0.1391787 0.2438171 0.9593008
0.03040564 0.1391787 0.2438171 0.9593008
0.1145773 -0.01405339 0.05376778 0.9918587
0.1145772 -0.0140534 0.05376778 0.9918587
0.09426928 0.2718383 0.08445243 0.9539838
0.09426928 0.2718383 0.08445243 0.9539838
0.1064508 -0.003237622 -0.04457792 0.993313
0.1064507 -0.003237617 -0.04457793 0.993313
0.09108792 -0.2628966 -0.07086554 0.9578969
0.09108792 -0.2628966 -0.07086554 0.9578969
0.1349785 1.066621 1.892379
-0.03588646 -0.01362058 -0.006656794 0.9992409
-0.004423094 -0.03228037 0.01014882 0.9994175
-0.0917299 -0.02996299 0.0136366 0.9952396
-0.0917299 -0.02996299 0.0136366 0.9952396
-0.09238853 -0.08123346 0.03681329 0.9917209
0.001857737 -0.1859609 -0.01393031 0.9824566
0.01562028 -0.1938495 -0.08172599 0.9774964
0.01562028 -0.1938495 -0.08172599 0.9774964
-0.09298626 0.06931398 -0.0006411159 0.9932516
-0.004725339 0.1391566 0.0189795 0.9900773
0.07677343 0.2733829 0.2910458 0.9135973
0.07677343 0.2733829 0.2910458 0.9135973
0.1150665 -0.008200726 0.05257719 0.9919315
0.1150665 -0.008200731 0.05257719 0.9919316
0.09567908 0.2705962 0.08276572 0.9543443
0.09567908 0.2705962 0.08276572 0.9543443
0.1091539 0.002402977 -0.04157382 0.9931522
0.1091538 0.002402981 -0.04157383 0.9931522
0.09408711 -0.2629086 -0.06921379 0.9577245
0.09408711 -0.2629086 -0.06921379 0.9577245
0.1342036 1.085441 1.888379
-0.04659574 -0.00277253 -0.009463404 0.9988652
-0.01010544 -0.02274846 0.008891164 0.9996506
-0.09730231 -0.02185264 0.01136164 0.9949501
-0.09730231 -0.02185264 0.01136164 0.9949501
-0.1118592 -0.08446971 0.1853126 0.9726313
-0.03003687 -0.1715133 0.1317516 0.9758701
-0.01836934 -0.1472501 0.07335062 0.9862047
-0.01836934 -0.1472501 0.07335062 0.9862047
-0.1098809 0.06817822 -0.1530973 0.9797138
-0.02959456 0.1460123 -0.1142043 0.982223
-0.01889455 0.1593142 -0.03843887 0.9862984
-0.01889455 0.1593142 -0.03843887 0.9862984
0.1162008 -2.332487E-05 0.04895239 0.9920187
0.1162008 -2.33291E-05 0.04895239 0.9920187
0.09857211 0.2689874 0.07862879 0.9548544
0.09857211 0.2689874 0.07862879 0.9548544
0.1130263 0.009805379 -0.03593268 0.9928936
0.1130262 0.009805382 -0.03593267 0.9928936
0.09883153 -0.2629676 -0.06556231 0.9574873
0.09883153 -0.2629676 -0.06556231 0.9574873
0.1306472 1.121193 1.88239
-0.05528792 -0.004686833 -0.003253477 0.9984542
-0.01547429 -0.01581478 0.007771224 0.999725
-0.1026045 -0.01219864 0.008357819 0.9946123
-0.1026045 -0.01219864 0.008357819 0.9946123
-0.129834 -0.07997433 0.303375 0.9405907
-0.04374442 -0.1580455 0.1898873 0.9680139
-0.02004971 -0.06324062 0.08600067 0.9940838
-0.02004971 -0.06324062 0.08600067 0.9940838
-0.1237943 0.06812127 -0.2496421 0.9579735
-0.04307983 0.140177 -0.1770995 0.9732062
-0.02369299 0.07844362 -0.08826327 0.992721
-0.02369299 0.07844362 -0.08826327 0.992721
0.1191727 -0.002288984 0.04388487 0.9919006
0.1191726 -0.002288988 0.04388487 0.9919006
0.1027574 0.2674072 0.07462512 0.9551783
0.1027574 0.2674072 0.07462512 0.9551783
0.1137927 0.006564678 -0.03156355 0.9929813
0.1137926 0.006564681 -0.03156355 0.9929814
0.100958 -0.2631338 -0.06125764 0.9575049
0.100958 -0.2631338 -0.06125764 0.9575049
0.1352368 1.134555 1.881614
-0.05528792 -0.004686833 -0.003253477 0.9984542
-0.01547429 -0.01581478 0.007771224 0.999725
-0.1026045 -0.01219864 0.008357819 0.9946123
-0.1026045 -0.01219864 0.008357819 0.9946123
-0.129834 -0.07997433 0.303375 0.9405907
-0.04374442 -0.1580455 0.1898873 0.9680139
-0.02004971 -0.06324062 0.08600067 0.9940838
-0.02004971 -0.06324062 0.08600067 0.9940838
-0.1237943 0.06812127 -0.2496421 0.9579735
-0.04307983 0.140177 -0.1770995 0.9732062
-0.02369299 0.07844362 -0.08826327 0.992721
-0.02369299 0.07844362 -0.08826327 0.992721
0.1191727 -0.002288984 0.04388487 0.9919006
0.1191726 -0.002288988 0.04388487 0.9919006
0.1027574 0.2674072 0.07462512 0.9551783
0.1027574 0.2674072 0.07462512 0.9551783
0.1137927 0.006564678 -0.03156355 0.9929813
0.1137926 0.006564681 -0.03156355 0.9929814
0.100958 -0.2631338 -0.06125764 0.9575049
0.100958 -0.2631338 -0.06125764 0.9575049
0.1352368 1.134555 1.881614
-0.05528792 -0.004686833 -0.003253477 0.9984542
-0.01547429 -0.01581478 0.007771224 0.999725
-0.1026045 -0.01219864 0.008357819 0.9946123
-0.1026045 -0.01219864 0.008357819 0.9946123
-0.129834 -0.07997433 0.303375 0.9405907
-0.04374442 -0.1580455 0.1898873 0.9680139
-0.02004971 -0.06324062 0.08600067 0.9940838
-0.02004971 -0.06324062 0.08600067 0.9940838
-0.1237943 0.06812127 -0.2496421 0.9579735
-0.04307983 0.140177 -0.1770995 0.9732062
-0.02369299 0.07844362 -0.08826327 0.992721
-0.02369299 0.07844362 -0.08826327 0.992721
0.1191727 -0.002288984 0.04388487 0.9919006
0.1191726 -0.002288988 0.04388487 0.9919006
0.1027574 0.2674072 0.07462512 0.9551783
0.1027574 0.2674072 0.07462512 0.9551783
0.1137927 0.006564678 -0.03156355 0.9929813
0.1137926 0.006564681 -0.03156355 0.9929814
0.100958 -0.2631338 -0.06125764 0.9575049
0.100958 -0.2631338 -0.06125764 0.9575049
0.1352368 1.134555 1.881614
-0.06195361 -0.009384801 0.002226517 0.9980325
-0.01931563 -0.01515353 0.006900255 0.9996748
-0.1064046 -0.0120484 0.006306923 0.9942299
-0.1064046 -0.0120484 0.006306923 0.9942299
-0.1401011 -0.07011496 0.3741766 0.9140282
-0.05384982 -0.1297827 0.2659723 0.9536852
-0.0552725 -0.08699806 0.3806048 0.9189757
-0.0552725 -0.08699806 0.3806048 0.9189757
-0.1345663 0.06215608 -0.3329491 0.9312215
-0.05747556 0.1546313 -0.224372 0.9604389
-0.05032882 0.1207265 -0.2323313 0.963802
-0.05032882 0.1207265 -0.2323313 0.963802
0.121778 -0.009664356 0.03971476 0.9917154
0.1217779 -0.009664359 0.03971476 0.9917154
0.1059797 0.2658454 0.0719405 0.9554681
0.1059797 0.2658454 0.0719405 0.9554681
0.1115208 -0.001805388 -0.02780876 0.9933713
0.1115207 -0.001805386 -0.02780876 0.9933713
0.1002704 -0.2631796 -0.05617869 0.957876
0.1002704 -0.2631796 -0.05617869 0.957876
0.1452072 1.119705 1.882934
-0.06210325 -0.008816359 0.00502714 0.9980181
-0.01979491 -0.01373454 0.007705651 0.99968
-0.106813 -0.01246034 0.002140931 0.9941987
-0.106813 -0.01246034 0.002140931 0.9941987
-0.1449018 -0.06024586 0.4281998 0.8899544
-0.05613154 -0.07803518 0.4174296 0.9036108
-0.01312544 0.02055376 0.3897496 0.9205979
-0.01312544 0.02055376 0.3897496 0.9205979
-0.1424217 0.06124301 -0.4039561 0.9015458
-0.0629275 0.1394049 -0.2761889 0.9488552
-0.04223027 0.07972977 -0.2487939 0.9643451
-0.04223027 0.07972977 -0.2487939 0.9643451
0.1211575 -0.01284628 0.03661652 0.9918745
0.1211574 -0.01284628 0.03661652 0.9918746
0.1062114 0.2632717 0.0688405 0.9563829
0.1062114 0.2632717 0.0688405 0.9563829
0.1083413 -0.005671454 -0.02627157 0.9937504
0.1112832 -0.005561071 -0.02623476 0.9934269
0.1006876 -0.2627304 -0.05416837 0.9580713
0.1006876 -0.2627304 -0.05416837 0.9580713
0.141116 1.101016 1.883083
-0.05863636 -0.006920639 0.007468143 0.9982275
-0.01677968 -0.01132934 0.0103691 0.9997413
-0.1037009 -0.01209843 -0.005130327 0.9945217
-0.1037009 -0.01209843 -0.005130327 0.9945217
-0.1437019 -0.05040446 0.4649302 0.872152
-0.03868032 -0.03933597 0.4676524 0.8821892
0.01296373 0.06284647 0.4684648 0.8811487
0.01296373 0.06284647 0.4684648 0.8811487
-0.1428383 0.05966595 -0.4500125 0.8795033
-0.06470663 0.09703377 -0.4098056 0.9046861
-0.03865242 0.04175528 -0.4128921 0.9090009
-0.03865242 0.04175528 -0.4128921 0.9090009
0.1173765 -0.01061869 0.03553081 0.9923949
0.1173765 -0.0106187 0.03553081 0.9923949
0.103184 0.2611986 0.06627774 0.9574631
0.103184 0.2611986 0.06627774 0.9574631
0.1047308 -0.003761808 -0.02709723 0.9941243
0.1128386 -0.003982775 -0.02706564 0.9932367
0.1021831 -0.2575361 -0.05498836 0.9592758
0.1021831 -0.2575361 -0.05498836 0.9592758
0.1411188 1.089473 1.881762
-0.05863636 -0.006920639 0.007468143 0.9982275
-0.01677968 -0.01132934 0.0103691 0.9997413
-0.1037009 -0.01209843 -0.005130327 0.9945217
-0.1037009 -0.01209843 -0.005130327 0.9945217
-0.1437019 -0.05040446 0.4649302 0.872152
-0.03868032 -0.03933597 0.4676524 0.8821892
0.01296373 0.06284647 0.4684648 0.8811487
0.01296373 0.06284647 0.4684648 0.8811487
-0.1428383 0.05966595 -0.4500125 0.8795033
-0.06470663 0.09703377 -0.4098056 0.9046861
-0.03865242 0.04175528 -0.4128921 0.9090009
-0.03865242 0.04175528 -0.4128921 0.9090009
0.1173765 -0.01061869 0.03553081 0.9923949
0.1173765 -0.0106187 0.03553081 0.9923949
0.103184 0.2611986 0.06627774 0.9574631
0.103184 0.2611986 0.06627774 0.9574631
0.1047308 -0.003761808 -0.02709723 0.9941243
0.1128386 -0.003982775 -0.02706564 0.9932367
0.1021831 -0.2575361 -0.05498836 0.9592758
0.1021831 -0.2575361 -0.05498836 0.9592758
0.1411188 1.089473 1.881762
-0.05426456 -0.003179082 0.01027908 0.9984686
-0.01230721 -0.006247638 0.01670355 0.9997652
-0.09903609 -0.01128156 -0.02262012 0.9947628
-0.09903609 -0.01128156 -0.02262012 0.9947628
-0.136822 -0.02721365 0.521554 0.8417367
-0.01092979 0.005884656 0.523837 0.8517281
0.05631725 0.1146279 0.5475668 0.8269579
0.05631725 0.1146279 0.5475668 0.8269579
-0.1410903 0.0567382 -0.5144445 0.843932
-0.03994568 0.04000196 -0.5057076 0.8608508
0.002687177 -0.02755031 -0.5039403 0.8632948
0.002687177 -0.02755031 -0.5039403 0.8632948
0.1120727 -0.006624316 0.036283 0.9930153
0.1120726 -0.006624319 0.03628301 0.9930153
0.09797032 0.2638405 0.06541054 0.957346
0.09797032 0.2638405 0.06541054 0.957346
0.101268 0.0002928088 -0.02972464 0.994415
0.1136044 -7.620254E-05 -0.02972598 0.9930813
0.1022445 -0.2537112 -0.05775519 0.9601256
0.1022445 -0.2537112 -0.05775519 0.9601256
0.1397112 1.085553 1.880247
-0.05250877 0.003194577 0.0139985 0.9985173
-0.009866051 0.006486378 0.02614639 0.9995884
-0.09636918 -0.009298345 -0.05713205 0.9936612
-0.09636918 -0.009298345 -0.05713205 0.9936612
-0.1460829 -0.03335232 0.5193039 0.8413507
-0.001144936 0.01775208 0.5345334 0.8449601
0.0580265 0.1132345 0.5603673 0.8184127
0.0580265 0.1132345 0.5603673 0.8184127
-0.1335349 0.05562828 -0.5481473 0.823777
-0.01605879 0.005889237 -0.5349966 0.8446811
0.06044697 -0.102465 -0.527733 0.841038
0.06044697 -0.102465 -0.527733 0.841038
0.1054972 0.001418173 0.0379225 0.9936953
0.1054971 0.00141817 0.03792249 0.9936953
0.09112458 0.2728233 0.06529988 0.9555102
0.09112458 0.2728233 0.06529988 0.9555102
0.0984313 0.008603931 -0.03359978 0.9945393
0.1138669 0.008081013 -0.03372937 0.9928904
0.1010975 -0.2516406 -0.06231079 0.960507
0.1010975 -0.2516406 -0.06231079 0.960507
0.1403255 1.076643 1.879165
-0.05250877 0.003194577 0.0139985 0.9985173
-0.009866051 0.006486378 0.02614639 0.9995884
-0.09636918 -0.009298345 -0.05713205 0.9936612
-0.09636918 -0.009298345 -0.05713205 0.9936612
-0.1460829 -0.03335232 0.5193039 0.8413507
-0.001144936 0.01775208 0.5345334 0.8449601
0.0580265 0.1132345 0.5603673 0.8184127
0.0580265 0.1132345 0.5603673 0.8184127
-0.1335349 0.05562828 -0.5481473 0.823777
-0.01605879 0.005889237 -0.5349966 0.8446811
0.06044697 -0.102465 -0.527733 0.841038
0.06044697 -0.102465 -0.527733 0.841038
0.1054972 0.001418173 0.0379225 0.9936953
0.1054971 0.00141817 0.03792249 0.9936953
0.09112458 0.2728233 0.06529988 0.9555102
0.09112458 0.2728233 0.06529988 0.9555102
0.0984313 0.008603931 -0.03359978 0.9945393
0.1138669 0.008081013 -0.03372937 0.9928904
0.1010975 -0.2516406 -0.06231079 0.960507
0.1010975 -0.2516406 -0.06231079 0.960507
0.1403255 1.076643 1.879165
-0.04991643 0.002708413 0.02312069 0.9984821
-0.01044533 0.007829215 0.03307787 0.9993675
-0.09652746 -0.01275412 -0.1031379 0.9898901
-0.09652746 -0.01275412 -0.1031379 0.9898901
-0.141342 -0.008570679 0.5435525 0.827345
0.005255905 0.02907673 0.5614948 0.8269526
0.07806989 0.1403498 0.5854195 0.7946641
0.07806989 0.1403498 0.5854195 0.7946641
-0.1348321 0.07723591 -0.5783256 0.8008711
0.002523987 -0.01969787 -0.5637763 0.8256888
0.1483756 -0.1929441 -0.5692649 0.7852991
0.1483756 -0.1929441 -0.5692649 0.7852991
0.09768698 0.007512421 0.04034879 0.9943706
0.09768689 0.007512418 0.04034879 0.9943706
0.08307298 0.277055 0.06534243 0.9550235
0.08307298 0.277055 0.06534243 0.9550235
0.09294776 0.01513297 -0.04114168 0.9947056
0.1161296 0.01416899 -0.04148354 0.9922662
0.1008273 -0.2514187 -0.07099867 0.9599905
0.1008273 -0.2514187 -0.07099867 0.9599905
0.1393869 1.072898 1.877622
-0.04991643 0.002708413 0.02312069 0.9984821
-0.01044533 0.007829215 0.03307787 0.9993675
-0.09652746 -0.01275412 -0.1031379 0.9898901
-0.09652746 -0.01275412 -0.1031379 0.9898901
-0.141342 -0.008570679 0.5435525 0.827345
0.005255905 0.02907673 0.5614948 0.8269526
0.07806989 0.1403498 0.5854195 0.7946641
0.07806989 0.1403498 0.5854195 0.7946641
-0.1348321 0.07723591 -0.5783256 0.8008711
0.002523987 -0.01969787 -0.5637763 0.8256888
0.1483756 -0.1929441 -0.5692649 0.7852991
0.1483756 -0.1929441 -0.5692649 0.7852991
0.09768698 0.007512421 0.04034879 0.9943706
0.09768689 0.007512418 0.04034879 0.9943706
0.08307298 0.277055 0.06534243 0.9550235
0.08307298 0.277055 0.06534243 0.9550235
0.09294776 0.01513297 -0.04114168 0.9947056
0.1161296 0.01416899 -0.04148354 0.9922662
0.1008273 -0.2514187 -0.07099867 0.9599905
0.1008273 -0.2514187 -0.07099867 0.9599905
0.1393869 1.072898 1.877622
-0.05486147 0.008236931 0.02163945 0.9982255
-0.01174931 -0.004990797 0.03547545 0.999289
-0.09749014 -0.01762496 -0.137741 0.9855011
-0.09749014 -0.01762496 -0.137741 0.9855011
-0.13767 0.00717964 0.5614997 0.8159127
0.007104839 0.03448705 0.5796652 0.8140936
0.07429557 0.1362172 0.593349 0.7898495
0.07429557 0.1362172 0.593349 0.7898495
-0.1302178 0.1069633 -0.5522952 0.8164388
-0.003436842 -0.01468801 -0.5729113 0.8194786
0.09924673 -0.1395097 -0.5676755 0.8052526
0.09924673 -0.1395097 -0.5676755 0.8052526
0.09147995 0.002559001 0.043912 0.994835
0.09147986 0.002558998 0.04391199 0.994835
0.07598677 0.2744806 0.06725204 0.9562236
0.07598677 0.2744806 0.06725204 0.9562236
0.08588308 0.0104823 -0.04677948 0.9951512
0.1163311 0.009044197 -0.04707866 0.9920529
0.09992183 -0.2513284 -0.07592731 0.9597316
0.09992183 -0.2513284 -0.07592731 0.9597316
0.1403367 1.066503 1.876147
-0.05966256 0.008663628 0.02557376 0.9978534
-0.01338145 -0.005273954 0.0356889 0.9992595
-0.09940366 -0.01648755 -0.1374096 0.9853759
-0.09940366 -0.01648755 -0.1374096 0.9853759
-0.1362995 0.01270268 0.5727442 0.8082235
0.002263993 0.02917762 0.5888829 0.8076884
0.06888446 0.1296962 0.5978191 0.7880648
0.06888446 0.1296962 0.5978191 0.7880648
-0.130654 0.1035971 -0.5477765 0.8198404
-0.007309554 -0.01244713 -0.5799385 0.8145325
0.1328574 -0.1758322 -0.5768678 0.7865466
0.1328574 -0.1758322 -0.5768678 0.7865466
0.08736464 -0.002019927 0.04690018 0.9950697
0.08736455 -0.00201993 0.04690018 0.9950697
0.07112682 0.271311 0.06908812 0.9573705
0.07112682 0.271311 0.06908812 0.9573705
0.08126985 0.006052338 -0.05060465 0.9953883
0.1133832 0.004414408 -0.05077377 0.9922433
0.09646884 -0.2514418 -0.07827833 0.9598663
0.09646884 -0.2514418 -0.07827833 0.9598663
0.1403914 1.060163 1.875717
-0.05966256 0.008663628 0.02557376 0.9978534
-0.01338145 -0.005273954 0.0356889 0.9992595
-0.09940366 -0.01648755 -0.1374096 0.9853759
-0.09940366 -0.01648755 -0.1374096 0.9853759
-0.1362995 0.01270268 0.5727442 0.8082235
0.002263993 0.02917762 0.5888829 0.8076884
0.06888446 0.1296962 0.5978191 0.7880648
0.06888446 0.1296962 0.5978191 0.7880648
-0.130654 0.1035971 -0.5477765 0.8198404
-0.007309554 -0.01244713 -0.5799385 0.8145325
0.1328574 -0.1758322 -0.5768678 0.7865466
0.1328574 -0.1758322 -0.5768678 0.7865466
0.08736464 -0.002019927 0.04690018 0.9950697
0.08736455 -0.00201993 0.04690018 0.9950697
0.07112682 0.271311 0.06908812 0.9573705
0.07112682 0.271311 0.06908812 0.9573705
0.08126985 0.006052338 -0.05060465 0.9953883
0.1133832 0.004414408 -0.05077377 0.9922433
0.09646884 -0.2514418 -0.07827833 0.9598663
0.09646884 -0.2514418 -0.07827833 0.9598663
0.1403914 1.060163 1.875717
-0.05966256 0.008663628 0.02557376 0.9978534
-0.01338145 -0.005273954 0.0356889 0.9992595
-0.09940366 -0.01648755 -0.1374096 0.9853759
-0.09940366 -0.01648755 -0.1374096 0.9853759
-0.1362995 0.01270268 0.5727442 0.8082235
0.002263993 0.02917762 0.5888829 0.8076884
0.06888446 0.1296962 0.5978191 0.7880648
0.06888446 0.1296962 0.5978191 0.7880648
-0.130654 0.1035971 -0.5477765 0.8198404
-0.007309554 -0.01244713 -0.5799385 0.8145325
0.1328574 -0.1758322 -0.5768678 0.7865466
0.1328574 -0.1758322 -0.5768678 0.7865466
0.08736464 -0.002019927 0.04690018 0.9950697
0.08736455 -0.00201993 0.04690018 0.9950697
0.07112682 0.271311 0.06908812 0.9573705
0.07112682 0.271311 0.06908812 0.9573705
0.08126985 0.006052338 -0.05060465 0.9953883
0.1133832 0.004414408 -0.05077377 0.9922433
0.09646884 -0.2514418 -0.07827833 0.9598663
0.09646884 -0.2514418 -0.07827833 0.9598663
0.1403914 1.060163 1.875717
-0.07012676 0.007361236 0.03228071 0.9969885
-0.01474481 0.008679982 0.03571454 0.9992156
-0.09741002 -0.006917375 -0.1366519 0.985794
-0.09741002 -0.006917375 -0.1366519 0.985794
-0.1989546 -0.03996803 0.5764386 0.7915416
-0.06155699 -0.0636989 0.6250417 0.7755489
-0.02696261 -0.01249241 0.6457341 0.7629839
-0.02696261 -0.01249241 0.6457341 0.7629839
-0.127918 0.0940662 -0.5486926 0.8208075
-0.006871706 -0.01427849 -0.5839044 0.8116678
0.1247971 -0.1686198 -0.5757371 0.7902657
0.1247971 -0.1686198 -0.5757371 0.7902657
0.08466805 -0.009242075 0.04886029 0.9951676
0.08466797 -0.009242081 0.04886029 0.9951676
0.06785709 0.2662839 0.07036623 0.9589249
0.06785709 0.2662839 0.07036623 0.9589249
0.07702836 -0.001179562 -0.05407514 0.9955607
0.1099983 -0.002972019 -0.05400629 0.992459
0.09300837 -0.2509379 -0.07978567 0.9602156
0.09300837 -0.2509379 -0.07978567 0.9602156
0.1405343 1.05263 1.875299
-0.07012676 0.007361236 0.03228071 0.9969885
-0.01474481 0.008679982 0.03571454 0.9992156
-0.09741002 -0.006917375 -0.1366519 0.985794
-0.09741002 -0.006917375 -0.1366519 0.985794
-0.1989546 -0.03996803 0.5764386 0.7915416
-0.06155699 -0.0636989 0.6250417 0.7755489
-0.02696261 -0.01249241 0.6457341 0.7629839
-0.02696261 -0.01249241 0.6457341 0.7629839
-0.127918 0.0940662 -0.5486926 0.8208075
-0.006871706 -0.01427849 -0.5839044 0.8116678
0.1247971 -0.1686198 -0.5757371 0.7902657
0.1247971 -0.1686198 -0.5757371 0.7902657
0.08466805 -0.009242075 0.04886029 0.9951676
0.08466797 -0.009242081 0.04886029 0.9951676
0.06785709 0.2662839 0.07036623 0.9589249
0.06785709 0.2662839 0.07036623 0.9589249
0.07702836 -0.001179562 -0.05407514 0.9955607
0.1099983 -0.002972019 -0.05400629 0.992459
0.09300837 -0.2509379 -0.07978567 0.9602156
0.09300837 -0.2509379 -0.07978567 0.9602156
0.1405343 1.05263 1.875299
-0.07012676 0.007361236 0.03228071 0.9969885
-0.01474481 0.008679982 0.03571454 0.9992156
-0.09741002 -0.006917375 -0.1366519 0.985794
-0.09741002 -0.006917375 -0.1366519 0.985794
-0.1989546 -0.03996803 0.5764386 0.7915416
-0.06155699 -0.0636989 0.6250417 0.7755489
-0.02696261 -0.01249241 0.6457341 0.7629839
-0.02696261 -0.01249241 0.6457341 0.7629839
-0.127918 0.0940662 -0.5486926 0.8208075
-0.006871706 -0.01427849 -0.5839044 0.8116678
0.1247971 -0.1686198 -0.5757371 0.7902657
0.1247971 -0.1686198 -0.5757371 0.7902657
0.08466805 -0.009242075 0.04886029 0.9951676
0.08466797 -0.009242081 0.04886029 0.9951676
0.06785709 0.2662839 0.07036623 0.9589249
0.06785709 0.2662839 0.07036623 0.9589249
0.07702836 -0.001179562 -0.05407514 0.9955607
0.1099983 -0.002972019 -0.05400629 0.992459
0.09300837 -0.2509379 -0.07978567 0.9602156
0.09300837 -0.2509379 -0.07978567 0.9602156
0.1405343 1.05263 1.875299
-0.08251817 0.006242395 0.03733903 0.9958703
-0.01583733 0.01205968 0.0351976 0.9991821
-0.08910691 -0.00259413 -0.13722 0.9865211
-0.08910691 -0.00259413 -0.13722 0.9865211
-0.2253628 -0.07062969 0.577627 0.7813899
-0.1072489 -0.1237228 0.6314497 0.7579325
-0.08721886 -0.09142178 0.6491687 0.7500766
-0.08721886 -0.09142178 0.6491687 0.7500766
-0.116951 0.08235922 -0.550456 0.8225191
-0.005802381 -0.01710708 -0.5833108 0.8120481
0.1094897 -0.1553692 -0.5702349 0.79919
0.1094897 -0.1553692 -0.5702349 0.79919
0.08291724 -0.01565824 0.04999796 0.9951783
0.08291715 -0.01565824 0.04999795 0.9951783
0.06581102 0.2607833 0.07102086 0.9605296
0.06581102 0.2607833 0.07102086 0.9605296
0.07365949 -0.007707902 -0.05636324 0.9956596
0.107448 -0.009618591 -0.05606879 0.9925818
0.09071486 -0.2491878 -0.08037163 0.9608417
0.09071486 -0.2491878 -0.08037163 0.9608417
0.1388039 1.054803 1.874782
-0.08251817 0.006242395 0.03733903 0.9958703
-0.01583733 0.01205968 0.0351976 0.9991821
-0.08910691 -0.00259413 -0.13722 0.9865211
-0.08910691 -0.00259413 -0.13722 0.9865211
-0.2253628 -0.07062969 0.577627 0.7813899
-0.1072489 -0.1237228 0.6314497 0.7579325
-0.08721886 -0.09142178 0.6491687 0.7500766
-0.08721886 -0.09142178 0.6491687 0.7500766
-0.116951 0.08235922 -0.550456 0.8225191
-0.005802381 -0.01710708 -0.5833108 0.8120481
0.1094897 -0.1553692 -0.5702349 0.79919
0.1094897 -0.1553692 -0.5702349 0.79919
0.08291724 -0.01565824 0.04999796 0.9951783
0.08291715 -0.01565824 0.04999795 0.9951783
0.06581102 0.2607833 0.07102086 0.9605296
0.06581102 0.2607833 0.07102086 0.9605296
0.07365949 -0.007707902 -0.05636324 0.9956596
0.107448 -0.009618591 -0.05606879 0.9925818
0.09071486 -0.2491878 -0.08037163 0.9608417
0.09071486 -0.2491878 -0.08037163 0.9608417
0.1388039 1.054803 1.874782
-0.09112812 0.004288579 0.04114654 0.9949796
-0.01716666 0.01976299 0.03433052 0.9990677
-0.08078042 0.002557007 -0.1380653 0.98712
-0.08078042 0.002557007 -0.1380653 0.98712
-0.2768935 -0.1277614 0.5608682 0.7696972
-0.1536282 -0.1839784 0.6272051 0.7410561
-0.1275456 -0.1431999 0.6440378 0.7405682
-0.1275456 -0.1431999 0.6440378 0.7405682
-0.1067205 0.07381719 -0.5514186 0.8240749
-0.004430066 -0.02055947 -0.579341 0.814814
0.09048586 -0.1384104 -0.5611872 0.8110018
0.09048586 -0.1384104 -0.5611872 0.8110018
0.08179208 -0.0221039 0.05057232 0.99512
0.08179198 -0.0221039 0.05057231 0.99512
0.06446125 0.256051 0.07135989 0.9618682
0.06446125 0.256051 0.07135989 0.9618682
0.07071438 -0.01432891 -0.05807713 0.9957014
0.1057244 -0.01636464 -0.05753668 0.9925947
0.08934143 -0.2479878 -0.08066113 0.9612564
0.08934143 -0.2479878 -0.08066113 0.9612564
0.1401413 1.053213 1.875678
-0.09112812 0.004288579 0.04114654 0.9949796
-0.01716666 0.01976299 0.03433052 0.9990677
-0.08078042 0.002557007 -0.1380653 0.98712
-0.08078042 0.002557007 -0.1380653 0.98712
-0.2768935 -0.1277614 0.5608682 0.7696972
-0.1536282 -0.1839784 0.6272051 0.7410561
-0.1275456 -0.1431999 0.6440378 0.7405682
-0.1275456 -0.1431999 0.6440378 0.7405682
-0.1067205 0.07381719 -0.5514186 0.8240749
-0.004430066 -0.02055947 -0.579341 0.814814
0.09048586 -0.1384104 -0.5611872 0.8110018
0.09048586 -0.1384104 -0.5611872 0.8110018
0.08179208 -0.0221039 0.05057232 0.99512
0.08179198 -0.0221039 0.05057231 0.99512
0.06446125 0.256051 0.07135989 0.9618682
0.06446125 0.256051 0.07135989 0.9618682
0.07071438 -0.01432891 -0.05807713 0.9957014
0.1057244 -0.01636464 -0.05753668 0.9925947
0.08934143 -0.2479878 -0.08066113 0.9612564
0.08934143 -0.2479878 -0.08066113 0.9612564
0.1401413 1.053213 1.875678
-0.09422071 0.004954412 0.04552292 0.9944977
-0.01969118 0.04212905 0.03197356 0.9984063
-0.06533391 0.03646214 -0.1398975 0.9873351
-0.06533391 0.03646214 -0.1398975 0.9873351
-0.399133 -0.2650097 0.5074461 0.7162131
-0.2933366 -0.3580131 0.5888197 0.6626248
-0.2841973 -0.3314109 0.6103283 0.6609827
-0.2841973 -0.3314109 0.6103283 0.6609827
-0.09367486 0.06634589 -0.551473 0.8262571
-0.005073172 -0.02295923 -0.5723354 0.8196825
0.07151035 -0.121942 -0.5514582 0.8221377
0.07151035 -0.121942 -0.5514582 0.8221377
0.08129591 -0.02705355 0.05111097 0.9950109
0.08129583 -0.02705356 0.05111097 0.9950109
0.06374337 0.2524917 0.0718201 0.9628223
0.06374337 0.2524917 0.0718201 0.9628223
0.06863245 -0.01939588 -0.0591386 0.9956988
0.1048125 -0.02153462 -0.05839379 0.9925426
0.08877582 -0.2468173 -0.08071149 0.9616058
0.08877582 -0.2468173 -0.08071149 0.9616058
0.1374158 1.052749 1.877095
-0.09422071 0.004954412 0.04552292 0.9944977
-0.01969118 0.04212905 0.03197356 0.9984063
-0.06533391 0.03646214 -0.1398975 0.9873351
-0.06533391 0.03646214 -0.1398975 0.9873351
-0.399133 -0.2650097 0.5074461 0.7162131
-0.2933366 -0.3580131 0.5888197 0.6626248
-0.2841973 -0.3314109 0.6103283 0.6609827
-0.2841973 -0.3314109 0.6103283 0.6609827
-0.09367486 0.06634589 -0.551473 0.8262571
-0.005073172 -0.02295923 -0.5723354 0.8196825
0.07151035 -0.121942 -0.5514582 0.8221377
0.07151035 -0.121942 -0.5514582 0.8221377
0.08129591 -0.02705355 0.05111097 0.9950109
0.08129583 -0.02705356 0.05111097 0.9950109
0.06374337 0.2524917 0.0718201 0.9628223
0.06374337 0.2524917 0.0718201 0.9628223
0.06863245 -0.01939588 -0.0591386 0.9956
